# The start time was on 2017-10-14 18:14:24 (1508019264.18)
timing,bytes
0.0,597
0.2107,60
0.21072,597
0.23607,597
0.23608,54
0.41625,60
0.41627,597
0.46495,1514
0.46509,54
0.46572,165
0.46572,54
0.62446,60
0.62448,597
0.83135,60
0.84689,597
0.8469,54
0.84823,1111
0.957,60
1.19101,1514
1.19337,1707
1.19338,54
1.27552,1514
1.27903,1514
1.27905,54
1.27984,1514
1.32251,54
1.35631,1514
1.35633,54
1.35714,2974
1.35715,54
1.36467,1514
1.36468,54
1.38698,1514
1.38699,54
1.51628,312
1.51629,54
3.21603,597
3.42551,60
