# The start time was on 2017-10-14 18:45:31 (1508021131.78)
timing,bytes
0.0,597
0.21061,60
0.21063,597
0.2321,597
0.23211,54
0.4164,60
0.41642,597
0.4414,1514
0.44141,54
0.44214,165
0.44215,54
0.62545,60
0.62547,597
0.84034,60
0.85909,597
0.8591,54
0.86033,1111
1.06845,60
1.16597,1514
1.16701,1707
1.16702,54
1.25313,1514
1.25698,1514
1.25699,54
1.34042,1514
1.34123,1514
1.34134,54
1.37174,1514
1.37253,1514
1.37267,54
1.4718,1514
1.47347,1514
1.47348,54
1.57872,855
1.62201,54
5.13544,597
5.34046,60
